894	1	-0.632190067881385
652	1	2.86780993211861
507	1	-1.63219006788139
2217	1	-1.63219006788139
268	1	3.36780993211861
2617	1	-1.63219006788139
2334	1	-1.63219006788139
811	1	-1.63219006788139
811	3	-0.632190067881385
516	2	-1.63219006788139
1844	2	3.36780993211861
1844	1	-0.632190067881385
268	1	2.86780993211861
967	1	-0.632190067881385
1973	3	-5.63219006788139
269	2	-1.63219006788139
2956	1	3.36780993211861
869	2	-1.63219006788139
2173	1	-1.63219006788139
1214	1	-0.632190067881385
2639	1	2.36780993211861
674	2	-0.632190067881385
2991	1	4.86780993211862
1085	2	2.36780993211861
1974	1	4.86780993211862
1597	1	4.86780993211862
1893	1	-1.63219006788139
145	2	2.36780993211861
1035	3	-0.632190067881385
1529	2	-1.63219006788139
674	3	-0.632190067881385
269	1	-0.632190067881385
967	2	-0.632190067881385
2821	1	-0.632190067881385
674	2	2.36780993211861
2309	1	4.86780993211862
1035	1	2.36780993211861
1572	2	-2.63219006788139
1035	1	2.86780993211861
958	2	2.86780993211861
958	1	-0.632190067881385
2085	1	3.36780993211861
516	2	-0.632190067881385
1369	2	-0.632190067881385
2415	2	-0.632190067881385
811	2	-0.632190067881385
2085	1	2.36780993211861
2085	3	-1.63219006788139
681	2	-0.632190067881385
1875	4	2.86780993211861
507	1	-0.632190067881385
516	1	-0.632190067881385
1385	2	2.36780993211861
1081	2	-0.632190067881385
958	1	-0.632190067881385
457	4	4.86780993211862
1702	3	-1.63219006788139
2377	1	-1.63219006788139
2617	2	-0.632190067881385
1702	2	-0.632190067881385
1893	3	2.36780993211861
1973	1	4.86780993211862
2537	1	4.86780993211862
242	1	-2.63219006788139
653	1	4.86780993211862
1893	1	-0.632190067881385
1256	1	-1.63219006788139
1372	2	-1.63219006788139
2861	1	-1.63219006788139
1736	1	4.86780993211862
516	1	-1.63219006788139
1702	3	-5.63219006788139
811	2	-0.632190067881385
674	3	-0.632190067881385
269	3	4.86780993211862
1235	1	2.36780993211861
116	1	2.86780993211861
1318	1	2.36780993211861
911	1	-0.632190067881385
2439	2	4.86780993211862
2408	1	-1.63219006788139
1974	1	-0.632190067881385
2956	2	2.36780993211861
2398	3	2.36780993211861
1198	1	2.36780993211861
1398	1	2.36780993211861
2537	1	2.36780993211861
1974	1	-0.632190067881385
1318	3	-0.632190067881385
2991	2	-0.632190067881385
1844	3	-2.63219006788139
2537	1	3.36780993211861
2018	1	2.36780993211861
179	1	-0.632190067881385
1572	1	2.36780993211861
1198	2	4.86780993211862
1608	1	-0.632190067881385
1614	1	-2.63219006788139
1198	1	4.86780993211862
1535	1	2.36780993211861
2617	2	2.36780993211861
242	1	-2.63219006788139
269	3	2.36780993211861
1385	1	2.36780993211861
674	1	-1.63219006788139
2309	1	0.367809932118615
1614	1	-5.63219006788139
2656	1	4.86780993211862
1827	1	2.36780993211861
645	2	-1.63219006788139
588	1	-5.63219006788139
1035	1	-0.632190067881385
1930	1	2.36780993211861
457	1	-1.63219006788139
1081	2	3.36780993211861
529	2	3.36780993211861
391	1	4.86780993211862
391	1	-1.63219006788139
242	1	-0.632190067881385
1614	1	-0.632190067881385
1385	2	-0.632190067881385
516	1	-0.632190067881385
1893	1	2.36780993211861
2240	1	-5.63219006788139
1009	1	2.36780993211861
1821	1	-0.632190067881385
1614	1	-1.63219006788139
1702	3	-0.632190067881385
1702	1	2.36780993211861
116	1	-2.63219006788139
179	1	-0.632190067881385
2398	1	2.36780993211861
1214	1	-0.632190067881385
1572	3	-2.63219006788139
1893	1	-1.63219006788139
1614	4	-1.63219006788139
507	2	-0.632190067881385
2617	2	-0.632190067881385
853	1	-2.63219006788139
457	2	2.36780993211861
2265	1	-0.632190067881385
2734	1	2.36780993211861
2610	2	-1.63219006788139
1614	1	-0.632190067881385
2309	1	-0.632190067881385
2240	2	-5.63219006788139
2642	3	-0.632190067881385
1702	1	-5.63219006788139
740	1	2.36780993211861
1535	2	4.86780993211862
1670	1	0.367809932118615
958	2	-2.63219006788139
116	2	2.36780993211861
1930	2	4.86780993211862
1614	1	-0.632190067881385
1003	2	2.36780993211861
1536	2	2.36780993211861
604	2	4.86780993211862
2463	2	-0.632190067881385
2861	2	-0.632190067881385
853	2	-1.63219006788139
1572	3	3.36780993211861
2113	1	-2.63219006788139
242	3	-0.632190067881385
275	1	-0.632190067881385
813	1	-1.63219006788139
1572	1	-0.632190067881385
2956	1	-2.63219006788139
2617	2	3.36780993211861
1035	2	4.86780993211862
869	2	4.86780993211862
869	2	-0.632190067881385
1021	1	-0.632190067881385
1398	1	-2.63219006788139
391	1	2.36780993211861
2561	1	4.86780993211862
2463	4	-7.63219006788139
1893	2	2.36780993211861
958	2	-5.63219006788139
1035	1	-0.632190067881385
2258	1	-7.63219006788139
853	1	3.36780993211861
911	1	-0.632190067881385
996	3	2.36780993211861
116	1	-1.63219006788139
428	1	-1.63219006788139
2128	1	2.36780993211861
681	2	-0.632190067881385
2415	1	-0.632190067881385
1492	2	-0.632190067881385
1492	1	-0.632190067881385
2398	1	2.36780993211861
1875	2	-0.632190067881385
1535	1	-1.63219006788139
1650	3	-2.63219006788139
2642	1	4.86780993211862
1021	1	-0.632190067881385
1009	1	2.36780993211861
360	3	2.36780993211861
1614	2	-1.63219006788139
269	3	2.36780993211861
242	1	-1.63219006788139
2639	2	-1.63219006788139
1974	1	2.36780993211861
2240	1	-0.632190067881385
1035	1	-1.63219006788139
2217	3	-0.632190067881385
1492	3	-0.632190067881385
457	1	2.36780993211861
1608	1	-0.632190067881385
512	1	-0.632190067881385
457	2	2.36780993211861
2265	2	-0.632190067881385
1433	2	-0.632190067881385
985	3	-0.632190067881385
2085	1	-1.63219006788139
1372	1	4.86780993211862
967	1	-2.63219006788139
1608	3	-5.63219006788139
1372	2	-1.63219006788139
268	3	-0.632190067881385
1235	2	-0.632190067881385
811	1	-2.63219006788139
391	1	2.36780993211861
2085	1	-1.63219006788139
428	3	-0.632190067881385
1101	1	4.86780993211862
1670	3	-7.63219006788139
179	1	-0.632190067881385
2251	3	-0.632190067881385
2561	2	2.36780993211861
2991	1	-0.632190067881385
2309	1	0.367809932118615
653	1	-0.632190067881385
1009	1	-5.63219006788139
536	1	-0.632190067881385
2991	2	0.367809932118615
690	1	4.86780993211862
2617	1	-7.63219006788139
690	1	-2.63219006788139
2217	2	-0.632190067881385
967	2	-0.632190067881385
2781	1	-0.632190067881385
1614	3	-1.63219006788139
242	2	0.367809932118615
2309	1	2.36780993211861
852	1	-0.632190067881385
2309	2	0.367809932118615
179	1	-7.63219006788139
1844	1	-0.632190067881385
457	1	-5.63219006788139
2861	4	0.367809932118615
242	1	-0.632190067881385
1670	3	2.36780993211861
2415	1	2.36780993211861
2415	3	2.36780993211861
2309	1	-1.63219006788139
116	2	-1.63219006788139
811	1	-1.63219006788139
2639	1	-0.632190067881385
242	1	4.86780993211862
2206	2	-0.632190067881385
1021	1	0.367809932118615
2415	3	3.36780993211861
1035	1	-2.63219006788139
811	1	-2.63219006788139
2173	2	-5.63219006788139
2085	1	2.36780993211861
1702	1	-2.63219006788139
2085	1	4.86780993211862
569	1	-5.63219006788139
268	1	4.86780993211862
269	1	-0.632190067881385
116	4	-2.63219006788139
811	1	2.36780993211861
771	1	2.36780993211861
811	1	-0.632190067881385
2463	1	-0.632190067881385
1035	2	2.36780993211861
457	3	-5.63219006788139
2781	1	-1.63219006788139
1930	1	-2.63219006788139
2085	2	-1.63219006788139
2617	1	-1.63219006788139
811	1	-0.632190067881385
2415	2	-0.632190067881385
1024	1	2.36780993211861
1075	2	-0.632190067881385
2861	3	-0.632190067881385
967	1	-0.632190067881385
2085	1	-0.632190067881385
1614	2	-5.63219006788139
1536	1	2.36780993211861
1614	1	-0.632190067881385
1318	1	-2.63219006788139
242	2	-2.63219006788139
2463	2	-0.632190067881385
1844	1	-0.632190067881385
967	2	-5.63219006788139
2260	1	-0.632190067881385
1608	2	2.36780993211861
1973	3	4.86780993211862
958	2	4.86780993211862
681	1	-0.632190067881385
2206	1	-0.632190067881385
1492	3	-0.632190067881385
2206	3	-2.63219006788139
880	1	2.36780993211861
2260	2	-1.63219006788139
674	1	-0.632190067881385
457	1	-1.63219006788139
428	1	3.36780993211861
1372	1	-1.63219006788139
2128	1	-0.632190067881385
2085	2	-0.632190067881385
242	1	-0.632190067881385
427	2	-1.63219006788139
911	2	2.36780993211861
2991	1	2.36780993211861
2533	1	3.36780993211861
674	3	-2.63219006788139
269	1	-0.632190067881385
2309	2	2.36780993211861
2606	2	2.36780993211861
2821	1	-1.63219006788139
1435	1	-0.632190067881385
869	1	2.36780993211861
428	2	2.36780993211861
242	1	-2.63219006788139
1021	1	-1.63219006788139
636	1	-0.632190067881385
487	2	4.86780993211862
1492	1	2.36780993211861
653	1	2.36780993211861
2128	1	2.36780993211861
1075	2	-0.632190067881385
2018	1	2.36780993211861
869	1	-0.632190067881385
1893	1	2.36780993211861
1198	2	2.36780993211861
1318	3	-0.632190067881385
2128	2	-2.63219006788139
1492	1	2.36780993211861
2606	1	-1.63219006788139
853	1	-1.63219006788139
269	1	-0.632190067881385
1572	1	-1.63219006788139
1492	1	4.86780993211862
681	1	-0.632190067881385
2398	1	-0.632190067881385
674	1	0.367809932118615
457	1	-5.63219006788139
1821	1	-5.63219006788139
2240	1	-0.632190067881385
967	1	-0.632190067881385
1492	2	-0.632190067881385
1614	2	2.36780993211861
681	1	-0.632190067881385
811	1	-0.632190067881385
1433	1	-0.632190067881385
2025	1	-0.632190067881385
934	1	-0.632190067881385
275	2	3.36780993211861
461	3	4.86780993211862
2398	2	2.36780993211861
1372	2	2.36780993211861
1433	1	2.36780993211861
2398	2	4.86780993211862
269	2	2.36780993211861
1973	1	-0.632190067881385
1009	1	2.36780993211861
2991	1	-1.63219006788139
2462	1	-0.632190067881385
2463	1	-5.63219006788139
461	1	-1.63219006788139
1372	1	-1.63219006788139
1650	3	-0.632190067881385
1821	1	-5.63219006788139
2642	1	-4.63219006788139
269	2	-0.632190067881385
1024	2	-7.63219006788139
2018	2	-1.63219006788139
2415	2	-0.632190067881385
2856	1	-0.632190067881385
2206	1	-0.632190067881385
1617	1	2.36780993211861
1009	1	2.36780993211861
1009	1	-1.63219006788139
1608	3	-1.63219006788139
2415	1	-0.632190067881385
1974	1	-0.632190067881385
1198	1	4.86780993211862
1492	2	2.36780993211861
391	1	-2.63219006788139
428	2	-0.632190067881385
2861	1	-1.63219006788139
2206	3	-1.63219006788139
2265	1	-5.63219006788139
242	3	-0.632190067881385
2217	1	-1.63219006788139
2206	2	2.36780993211861
179	1	2.36780993211861
1827	2	2.36780993211861
2991	1	2.86780993211861
2606	2	-0.632190067881385
242	1	-1.63219006788139
2396	1	2.36780993211861
2991	1	-1.63219006788139
2462	1	4.86780993211862
2398	1	4.86780993211862
1608	3	4.86780993211862
1572	1	-0.632190067881385
1009	2	-1.63219006788139
275	1	-0.632190067881385
1875	2	2.36780993211861
938	1	2.36780993211861
2309	1	4.86780993211862
269	2	2.36780993211861
2085	2	-0.632190067881385
1804	3	-2.63219006788139
242	1	2.36780993211861
2085	2	4.86780993211862
2809	2	-0.632190067881385
2025	2	2.36780993211861
2463	1	-1.63219006788139
2260	3	-0.632190067881385
2173	1	0.367809932118615
2462	2	-2.63219006788139
2265	1	2.86780993211861
853	1	-0.632190067881385
2265	1	-0.632190067881385
780	1	-0.632190067881385
1035	2	-0.632190067881385
457	2	-2.63219006788139
2240	2	2.36780993211861
2265	2	-0.632190067881385
2309	4	-0.632190067881385
1974	1	-1.63219006788139
2606	1	-2.63219006788139
242	1	-0.632190067881385
1670	1	-2.63219006788139
2398	2	4.86780993211862
2398	1	4.86780993211862
242	1	-2.63219006788139
2398	1	4.86780993211862
1198	1	4.86780993211862
2265	3	-2.63219006788139
1623	1	2.36780993211861
2173	3	-1.63219006788139
1372	3	2.36780993211861
1492	4	-0.632190067881385
674	1	-1.63219006788139
2085	1	2.36780993211861
1009	1	-5.63219006788139
2462	1	-0.632190067881385
616	2	-0.632190067881385
2991	1	-0.632190067881385
2463	2	-2.63219006788139
1009	1	-5.63219006788139
2085	1	-1.63219006788139
2734	1	2.36780993211861
2206	1	-0.632190067881385
1623	1	0.367809932118615
1670	2	0.367809932118615
1398	3	-2.63219006788139
1973	1	-1.63219006788139
2991	1	2.36780993211861
2964	1	4.86780993211862
1572	2	-1.63219006788139
869	3	3.36780993211861
391	2	-1.63219006788139
457	4	-5.63219006788139
1433	3	-1.63219006788139
242	1	-0.632190067881385
2415	1	2.36780993211861
2956	1	2.36780993211861
1432	2	3.36780993211861
1974	1	-0.632190067881385
2610	2	-0.632190067881385
268	2	-4.63219006788139
1623	1	-0.632190067881385
275	2	-1.63219006788139
811	1	4.86780993211862
1003	2	4.86780993211862
1844	3	-1.63219006788139
1572	1	2.36780993211861
1930	1	2.36780993211861
1974	1	-0.632190067881385
1419	1	-0.632190067881385
567	1	2.36780993211861
2427	3	-0.632190067881385
428	2	-0.632190067881385
516	2	2.36780993211861
1875	1	-0.632190067881385
242	1	-0.632190067881385
242	2	-1.63219006788139
967	2	2.36780993211861
516	1	0.367809932118615
1398	1	0.367809932118615
1035	1	-0.632190067881385
268	1	2.86780993211861
428	3	2.36780993211861
2408	1	2.36780993211861
391	1	-0.632190067881385
811	1	-0.632190067881385
2528	1	2.36780993211861
2781	1	2.36780993211861
428	1	-5.63219006788139
242	2	-0.632190067881385
74	2	-1.63219006788139
2528	1	-1.63219006788139
811	1	2.36780993211861
2887	1	-5.63219006788139
391	1	-0.632190067881385
811	1	-1.63219006788139
843	1	2.36780993211861
662	1	4.86780993211862
518	1	-0.632190067881385
2463	1	-2.63219006788139
518	2	-1.63219006788139
518	1	-0.632190067881385
1893	3	-1.63219006788139
1804	1	-0.632190067881385
1419	1	-0.632190067881385
2309	1	-0.632190067881385
242	1	-0.632190067881385
242	1	-0.632190067881385
1893	1	-1.63219006788139
2533	1	-2.63219006788139
2398	2	3.36780993211861
391	2	4.86780993211862
1723	1	-0.632190067881385
2085	1	-1.63219006788139
1009	1	-0.632190067881385
1009	1	2.36780993211861
1736	1	-1.63219006788139
843	1	2.86780993211861
1385	1	4.86780993211862
1974	1	-1.63219006788139
2415	1	2.36780993211861
2991	1	-0.632190067881385
2463	1	-2.63219006788139
391	2	0.367809932118615
2991	1	-1.63219006788139
516	1	2.36780993211861
1369	1	-0.632190067881385
1827	1	-2.63219006788139
771	1	-2.63219006788139
428	2	-0.632190067881385
2617	1	2.36780993211861
2415	1	-2.63219006788139
1318	2	3.36780993211861
1235	3	2.36780993211861
391	1	-1.63219006788139
2887	1	-5.63219006788139
518	2	-0.632190067881385
1893	1	-1.63219006788139
2258	1	-0.632190067881385
2956	1	2.36780993211861
269	1	-1.63219006788139
2265	3	-5.63219006788139
1009	2	2.36780993211861
1235	1	2.36780993211861
2781	2	-0.632190067881385
1256	1	2.36780993211861
2265	1	-2.63219006788139
518	3	-0.632190067881385
2463	2	4.86780993211862
811	1	-0.632190067881385
780	1	2.36780993211861
2260	1	4.86780993211862
428	1	-2.63219006788139
843	1	-0.632190067881385
811	1	4.86780993211862
242	1	-0.632190067881385
2265	2	-5.63219006788139
1974	1	-2.63219006788139
391	1	2.36780993211861
461	1	0.367809932118615
681	1	-0.632190067881385
1235	1	-0.632190067881385
268	1	-5.63219006788139
1009	1	2.36780993211861
1974	1	4.86780993211862
2991	1	-5.63219006788139
2309	1	-1.63219006788139
1930	3	-1.63219006788139
391	3	-0.632190067881385
2991	1	2.36780993211861
516	1	-0.632190067881385
2991	1	-0.632190067881385
1398	2	-1.63219006788139
1372	3	-0.632190067881385
958	1	-0.632190067881385
1893	1	3.36780993211861
1009	1	-0.632190067881385
1009	1	2.36780993211861
2309	3	-1.63219006788139
2991	1	-5.63219006788139
518	1	2.36780993211861
268	1	-2.63219006788139
242	3	-2.63219006788139
116	2	3.36780993211861
684	1	-1.63219006788139
811	2	-0.632190067881385
1827	1	-1.63219006788139
242	1	-0.632190067881385
2265	1	2.36780993211861
2956	1	-2.63219006788139
2240	1	2.36780993211861
391	2	-1.63219006788139
1198	1	2.36780993211861
2113	1	-0.632190067881385
242	2	-0.632190067881385
1318	2	-0.632190067881385
1804	1	2.36780993211861
1973	1	-5.63219006788139
1974	1	4.86780993211862
242	1	-0.632190067881385
1665	1	-1.63219006788139
2606	1	-1.63219006788139
1009	1	-0.632190067881385
1066	1	-0.632190067881385
653	2	-0.632190067881385
2415	2	-0.632190067881385
2408	1	-1.63219006788139
2265	1	-2.63219006788139
681	1	-0.632190067881385
2462	1	-0.632190067881385
1597	1	4.86780993211862
1160	1	-5.63219006788139
1372	2	-0.632190067881385
269	3	-1.63219006788139
242	1	-0.632190067881385
1198	1	-0.632190067881385
2998	1	-0.632190067881385
2113	2	-0.632190067881385
1702	1	3.36780993211861
268	1	4.86780993211862
512	1	-1.63219006788139
681	1	-1.63219006788139
1875	1	0.367809932118615
1009	1	4.86780993211862
2639	1	2.36780993211861
457	1	4.86780993211862
2415	2	-0.632190067881385
268	3	-2.63219006788139
843	3	-0.632190067881385
269	1	-0.632190067881385
2265	4	-0.632190067881385
242	3	-5.63219006788139
1009	1	2.36780993211861
1914	2	-2.63219006788139
116	2	-1.63219006788139
1670	3	-1.63219006788139
1650	2	2.36780993211861
242	1	-0.632190067881385
2991	3	-0.632190067881385
2295	1	-0.632190067881385
457	1	-1.63219006788139
1160	1	2.36780993211861
2991	2	2.36780993211861
1973	3	2.36780993211861
2998	1	-2.63219006788139
2265	2	-0.632190067881385
1214	1	-0.632190067881385
1893	1	-5.63219006788139
1973	1	-1.63219006788139
2534	1	-1.63219006788139
529	2	-1.63219006788139
1657	1	-0.632190067881385
2113	1	-0.632190067881385
1235	1	-2.63219006788139
2240	1	4.86780993211862
2265	3	-1.63219006788139
1385	2	-0.632190067881385
1650	2	0.367809932118615
681	1	-0.632190067881385
1101	1	2.36780993211861
1597	1	-0.632190067881385
428	3	4.86780993211862
269	1	-0.632190067881385
869	1	-0.632190067881385
242	1	-0.632190067881385
1723	2	-1.63219006788139
1914	3	-0.632190067881385
2617	1	-1.63219006788139
275	1	2.36780993211861
1973	1	4.86780993211862
1198	2	0.367809932118615
1893	1	0.367809932118615
428	1	-1.63219006788139
2211	2	-0.632190067881385
1591	3	2.36780993211861
2309	2	-2.63219006788139
1009	1	-1.63219006788139
242	1	2.36780993211861
1973	1	-0.632190067881385
811	3	4.86780993211862
428	1	2.36780993211861
428	2	-0.632190067881385
1214	1	-0.632190067881385
1184	1	0.367809932118615
2951	1	-0.632190067881385
2907	1	-1.63219006788139
1066	3	-0.632190067881385
1597	2	2.36780993211861
2462	2	2.36780993211861
2639	2	-1.63219006788139
1385	2	-0.632190067881385
1385	1	-1.63219006788139
242	1	-0.632190067881385
2632	2	-0.632190067881385
1650	1	-2.63219006788139
1670	1	-5.63219006788139
2309	1	-0.632190067881385
1973	1	-0.632190067881385
811	2	-0.632190067881385
652	3	-0.632190067881385
843	1	-2.63219006788139
1702	1	-0.632190067881385
469	1	-0.632190067881385
1930	1	2.36780993211861
684	1	-0.632190067881385
811	2	-0.632190067881385
2085	1	4.86780993211862
811	2	2.36780993211861
1893	2	2.36780993211861
1572	4	2.36780993211861
958	2	-1.63219006788139
2991	1	-1.63219006788139
811	1	-0.632190067881385
2612	1	-0.632190067881385
2991	1	-1.63219006788139
2991	1	-1.63219006788139
507	2	2.36780993211861
2462	1	-5.63219006788139
2240	2	-0.632190067881385
811	2	-0.632190067881385
811	1	-2.63219006788139
1608	1	-0.632190067881385
1930	2	-0.632190067881385
1893	2	-0.632190067881385
2265	1	-5.63219006788139
1614	2	-5.63219006788139
2991	2	-0.632190067881385
1723	2	-0.632190067881385
1973	1	3.36780993211861
461	1	-0.632190067881385
2259	1	4.86780993211862
428	1	-2.63219006788139
1914	2	2.36780993211861
1914	2	-1.63219006788139
268	2	-0.632190067881385
1844	2	-0.632190067881385
1009	2	-2.63219006788139
1398	1	4.86780993211862
116	1	2.36780993211861
1009	2	-0.632190067881385
516	2	2.36780993211861
2991	1	-1.63219006788139
1623	3	-2.63219006788139
1081	1	-5.63219006788139
116	2	2.36780993211861
2964	1	2.36780993211861
1398	4	-4.63219006788139
1914	2	4.86780993211862
1597	1	2.36780993211861
2998	1	0.367809932118615
1721	2	-1.63219006788139
242	1	-1.63219006788139
1702	1	-0.632190067881385
1608	1	-0.632190067881385
1893	2	-1.63219006788139
1670	2	-2.63219006788139
2398	2	-1.63219006788139
1804	1	-5.63219006788139
1214	1	2.36780993211861
1572	1	-0.632190067881385
1597	2	-0.632190067881385
2734	1	-0.632190067881385
958	2	-1.63219006788139
1883	1	-2.63219006788139
2639	1	2.36780993211861
2991	1	-0.632190067881385
1702	1	-5.63219006788139
2415	1	-0.632190067881385
242	1	-0.632190067881385
2265	2	-5.63219006788139
1930	1	-1.63219006788139
2260	1	2.36780993211861
457	1	-0.632190067881385
1009	1	2.36780993211861
967	1	-0.632190067881385
2377	1	-0.632190067881385
2991	1	-2.63219006788139
1009	1	2.36780993211861
1385	1	2.36780993211861
811	1	-0.632190067881385
275	1	-1.63219006788139
1009	1	-5.63219006788139
428	1	0.367809932118615
1827	2	2.36780993211861
1419	3	-0.632190067881385
1875	1	2.36780993211861
2617	1	-7.63219006788139
1893	1	-1.63219006788139
1914	2	-0.632190067881385
2765	2	2.36780993211861
2462	1	-0.632190067881385
1198	1	2.36780993211861
2240	1	2.36780993211861
2463	1	-0.632190067881385
2462	1	0.367809932118615
2964	3	2.36780993211861
2240	2	-0.632190067881385
275	1	-0.632190067881385
516	1	-0.632190067881385
1003	2	2.36780993211861
2271	1	-2.63219006788139
2415	1	-0.632190067881385
1198	1	-5.63219006788139
2639	4	4.86780993211862
1914	1	-1.63219006788139
967	1	-0.632190067881385
1024	1	0.367809932118615
268	1	-0.632190067881385
2295	1	-7.63219006788139
2861	2	2.36780993211861
2639	1	-0.632190067881385
2398	1	4.86780993211862
869	1	-0.632190067881385
1198	1	2.36780993211861
674	1	-0.632190067881385
1318	1	2.86780993211861
958	1	-0.632190067881385
2843	1	2.36780993211861
269	3	-0.632190067881385
242	1	-2.63219006788139
2639	1	-0.632190067881385
1930	1	2.36780993211861
1608	1	4.86780993211862
116	1	2.36780993211861
2462	1	2.36780993211861
242	2	2.36780993211861
958	1	2.36780993211861
2260	2	4.86780993211862
269	1	-0.632190067881385
1198	1	-0.632190067881385
1081	2	2.36780993211861
1973	1	2.36780993211861
2617	1	-0.632190067881385
2749	1	2.36780993211861
1385	3	2.36780993211861
1930	1	-2.63219006788139
2617	1	-0.632190067881385
958	3	2.36780993211861
1009	1	2.36780993211861
2240	1	-1.63219006788139
242	1	-0.632190067881385
2398	2	4.86780993211862
2956	3	-1.63219006788139
457	1	-1.63219006788139
853	2	-1.63219006788139
1024	2	-0.632190067881385
2887	2	-0.632190067881385
1124	1	-0.632190067881385
2131	1	-1.63219006788139
269	1	0.367809932118615
1572	1	-1.63219006788139
1702	2	-2.63219006788139
674	1	2.36780993211861
1302	1	-0.632190067881385
1650	3	-0.632190067881385
1952	2	-0.632190067881385
342	2	-0.632190067881385
1081	1	-1.63219006788139
1160	2	-2.63219006788139
1914	4	-0.632190067881385
2398	2	4.86780993211862
2408	1	-0.632190067881385
2610	1	-0.632190067881385
1256	1	3.36780993211861
1235	1	-2.63219006788139
2131	2	0.367809932118615
1081	3	-5.63219006788139
2240	1	-0.632190067881385
2337	1	-0.632190067881385
1914	1	0.367809932118615
811	1	-0.632190067881385
2309	1	2.36780993211861
2463	2	2.36780993211861
1650	1	-0.632190067881385
2642	1	3.36780993211861
242	1	-5.63219006788139
268	2	-0.632190067881385
2309	1	-0.632190067881385
1657	1	-0.632190067881385
194	1	-5.63219006788139
507	1	-2.63219006788139
2888	1	2.36780993211861
1973	1	-2.63219006788139
2309	1	4.86780993211862
1845	1	-1.63219006788139
811	1	-0.632190067881385
2991	1	-0.632190067881385
2991	1	-1.63219006788139
1591	2	0.367809932118615
2398	2	-0.632190067881385
1160	1	-0.632190067881385
2610	1	2.36780993211861
2610	1	-1.63219006788139
2617	1	3.36780993211861
507	1	-1.63219006788139
2991	2	-0.632190067881385
1614	3	-0.632190067881385
1844	2	4.86780993211862
1827	1	-7.63219006788139
1572	2	2.36780993211861
116	1	-1.63219006788139
1821	1	4.86780993211862
2781	3	-2.63219006788139
2861	2	-0.632190067881385
1572	1	-2.63219006788139
1160	1	2.36780993211861
958	2	-5.63219006788139
1614	1	-2.63219006788139
2240	1	-0.632190067881385
2462	1	-0.632190067881385
2861	1	-1.63219006788139
242	1	4.86780993211862
2991	1	0.367809932118615
674	1	-0.632190067881385
2991	1	-1.63219006788139
2295	1	-5.63219006788139
1009	1	-0.632190067881385
2991	2	-0.632190067881385
674	1	-2.63219006788139
1702	3	-0.632190067881385
516	1	-0.632190067881385
674	3	-1.63219006788139
674	1	-1.63219006788139
2991	2	-0.632190067881385
2131	3	-1.63219006788139
1973	2	-0.632190067881385
242	1	-2.63219006788139
1614	1	-1.63219006788139
1702	3	-5.63219006788139
2173	1	-2.63219006788139
1670	3	-5.63219006788139
2991	1	-0.632190067881385
268	1	0.367809932118615
2398	1	4.86780993211862
1433	1	4.86780993211862
1650	4	2.36780993211861
2398	3	-2.63219006788139
2617	1	-2.63219006788139
1623	1	-0.632190067881385
2240	1	2.36780993211861
457	3	-7.63219006788139
1614	3	-0.632190067881385
1875	1	-2.63219006788139
1198	1	-0.632190067881385
2171	1	-0.632190067881385
1081	1	-0.632190067881385
2398	1	-1.63219006788139
2991	1	-0.632190067881385
268	2	-1.63219006788139
1614	1	-0.632190067881385
674	2	2.86780993211861
2734	1	-0.632190067881385
2295	1	2.36780993211861
1572	2	-0.632190067881385
2956	1	2.36780993211861
911	2	2.36780993211861
1614	1	2.36780993211861
116	2	2.36780993211861
2956	1	2.36780993211861
2991	1	-2.63219006788139
116	2	2.36780993211861
1372	1	-0.632190067881385
1614	2	2.36780993211861
2295	1	-0.632190067881385
242	2	-2.63219006788139
2991	1	3.36780993211861
269	1	-0.632190067881385
1536	1	4.86780993211862
2309	1	-0.632190067881385
1650	2	3.36780993211861
690	1	2.86780993211861
2424	1	-0.632190067881385
2610	2	2.36780993211861
242	1	-2.63219006788139
116	1	-5.63219006788139
275	1	-0.632190067881385
2610	1	0.367809932118615
2398	1	-0.632190067881385
242	1	-0.632190067881385
2606	2	2.36780993211861
1670	2	2.36780993211861
1198	3	-0.632190067881385
1657	2	-0.632190067881385
674	1	2.36780993211861
2217	1	-0.632190067881385
1572	1	-2.63219006788139
1214	1	-2.63219006788139
674	1	4.86780993211862
2131	2	-1.63219006788139
2749	1	2.36780993211861
1398	3	-1.63219006788139
1875	2	4.86780993211862
2260	3	2.36780993211861
2843	1	-7.63219006788139
1744	2	2.36780993211861
674	1	2.36780993211861
242	2	-2.63219006788139
2991	1	2.36780993211861
2749	1	-0.632190067881385
2533	3	-0.632190067881385
1572	2	-5.63219006788139
2415	1	0.367809932118615
958	1	-5.63219006788139
1650	1	2.36780993211861
1318	2	-1.63219006788139
1844	1	-0.632190067881385
2606	1	4.86780993211862
2377	1	2.36780993211861
2991	1	-0.632190067881385
116	1	-0.632190067881385
2964	1	4.86780993211862
2861	3	-1.63219006788139
2334	4	4.86780993211862
2991	1	-2.63219006788139
588	3	-2.63219006788139
2577	1	0.367809932118615
1405	2	2.36780993211861
2577	3	-7.63219006788139
2662	1	-0.632190067881385
2351	1	2.36780993211861
2351	2	-2.63219006788139
1083	1	-1.63219006788139
2640	1	2.36780993211861
2623	2	-0.632190067881385
2351	1	3.36780993211861
2351	2	-0.632190067881385
2640	1	2.36780993211861
2351	1	4.86780993211862
1083	1	4.86780993211862
1033	1	-0.632190067881385
308	2	2.36780993211861
2577	1	2.36780993211861
2577	2	2.36780993211861
2010	1	-0.632190067881385
2640	1	-0.632190067881385
1935	3	-2.63219006788139
962	1	-0.632190067881385
1935	1	-0.632190067881385
2662	1	-0.632190067881385
2640	3	-0.632190067881385
308	2	0.367809932118615
1935	1	-5.63219006788139
1033	2	3.36780993211861
1405	4	2.36780993211861
2040	1	-0.632190067881385
2662	4	-0.632190067881385
1083	2	3.36780993211861
1405	1	2.36780993211861
2640	1	0.367809932118615
2623	2	3.36780993211861
362	1	2.36780993211861
2640	1	2.36780993211861
962	2	-0.632190067881385
1405	1	-0.632190067881385
2662	1	2.36780993211861
308	1	3.36780993211861
2394	1	2.36780993211861
2623	1	4.86780993211862
2640	2	4.86780993211862
2640	1	0.367809932118615
1083	3	-0.632190067881385
2394	2	2.36780993211861
2640	2	-0.632190067881385
2623	2	4.86780993211862
2351	2	-1.63219006788139
1405	1	2.36780993211861
2662	2	2.36780993211861
1405	1	-0.632190067881385
2394	3	-2.63219006788139
2394	1	4.86780993211862
1405	1	3.36780993211861
2394	3	-0.632190067881385
2640	2	2.36780993211861
2394	3	-0.632190067881385
1405	3	0.367809932118615
1152	2	-0.632190067881385
453	3	-0.632190067881385
59	4	-0.632190067881385
1152	1	-5.63219006788139
1152	1	-0.632190067881385
1152	2	2.36780993211861
1152	1	-1.63219006788139
1152	1	-0.632190067881385
2292	2	-0.632190067881385
453	2	-0.632190067881385
594	2	0.367809932118615
59	1	-5.63219006788139
525	2	0.367809932118615
1152	1	-0.632190067881385
2292	2	-0.632190067881385
453	1	-0.632190067881385
2292	2	2.36780993211861
59	2	4.86780993211862
2292	2	0.367809932118615
1152	1	-0.632190067881385
1152	1	-1.63219006788139
1152	4	-0.632190067881385
1152	1	2.36780993211861
1152	3	-1.63219006788139
594	1	4.86780993211862
59	1	-0.632190067881385
1152	2	-0.632190067881385
59	1	-0.632190067881385
594	1	2.36780993211861
2292	2	-1.63219006788139
453	2	-0.632190067881385
453	1	-5.63219006788139
525	2	0.367809932118615
59	2	-7.63219006788139
525	1	0.367809932118615
59	1	-1.63219006788139
1152	3	2.36780993211861
1152	1	-1.63219006788139
525	2	-1.63219006788139
1152	1	-0.632190067881385
1152	2	-1.63219006788139
453	1	2.36780993211861
1152	3	-7.63219006788139
59	1	-1.63219006788139
1152	3	0.367809932118615
1152	1	-0.632190067881385
525	1	-0.632190067881385
1152	3	-5.63219006788139
1152	1	-0.632190067881385
1152	1	-0.632190067881385
59	3	0.367809932118615
59	2	-0.632190067881385
594	2	3.36780993211861
2292	2	-0.632190067881385
453	2	-2.63219006788139
1010	1	4.86780993211862
525	1	2.36780993211861
453	1	4.86780993211862
59	2	2.36780993211861
1152	3	-7.63219006788139
2292	1	2.36780993211861
2292	1	-0.632190067881385
2292	3	-1.63219006788139
2292	1	-1.63219006788139
525	2	2.36780993211861
811	1	4.86780993211862
811	1	-0.632190067881385
2085	2	-0.632190067881385
1433	2	-1.63219006788139
2408	1	-0.632190067881385
74	3	2.36780993211861
2415	2	-1.63219006788139
428	1	-0.632190067881385
2085	2	2.36780993211861
74	1	-1.63219006788139
1433	2	2.36780993211861
811	2	-0.632190067881385
780	1	-0.632190067881385
2724	2	-0.632190067881385
2463	1	-2.63219006788139
2085	2	-0.632190067881385
242	1	2.36780993211861
869	1	4.86780993211862
2642	2	-0.632190067881385
2240	2	2.36780993211861
1725	1	-0.632190067881385
1893	1	-0.632190067881385
242	1	-0.632190067881385
2781	1	3.36780993211861
242	1	-0.632190067881385
1893	1	-1.63219006788139
242	1	2.36780993211861
1572	2	-1.63219006788139
275	1	-0.632190067881385
869	3	-1.63219006788139
116	1	2.36780993211861
1702	1	-2.63219006788139
1670	1	2.36780993211861
1702	1	-0.632190067881385
1914	1	-0.632190067881385
1591	3	-1.63219006788139
869	1	-2.63219006788139
242	1	-0.632190067881385
2309	2	-0.632190067881385
2415	2	-0.632190067881385
2398	1	4.86780993211862
1844	3	-0.632190067881385
269	1	-0.632190067881385
2781	4	-0.632190067881385
1608	1	-0.632190067881385
645	1	-0.632190067881385
967	1	-0.632190067881385
1003	1	2.36780993211861
2724	2	4.86780993211862
2251	1	0.367809932118615
1235	1	-0.632190067881385
2415	1	3.36780993211861
2617	1	-7.63219006788139
2861	1	-0.632190067881385
1725	2	-1.63219006788139
242	1	-0.632190067881385
269	1	-0.632190067881385
616	1	4.86780993211862
1821	2	0.367809932118615
2462	2	-0.632190067881385
2861	1	-0.632190067881385
2888	1	-0.632190067881385
1432	1	0.367809932118615
2408	1	4.86780993211862
1702	2	-2.63219006788139
1160	2	-1.63219006788139
684	3	-2.63219006788139
1160	1	-0.632190067881385
1419	1	-2.63219006788139
616	1	2.36780993211861
516	2	-0.632190067881385
559	2	-0.632190067881385
428	1	2.36780993211861
242	1	-1.63219006788139
2644	1	-0.632190067881385
1009	1	-1.63219006788139
2251	1	-0.632190067881385
269	1	-5.63219006788139
2085	3	-0.632190067881385
2415	1	0.367809932118615
2781	1	-1.63219006788139
242	3	-0.632190067881385
934	1	-2.63219006788139
2644	1	2.36780993211861
2309	2	-0.632190067881385
1821	1	-0.632190067881385
1432	3	-1.63219006788139
2398	1	2.36780993211861
2085	1	-0.632190067881385
2610	2	-0.632190067881385
1702	1	-1.63219006788139
1725	1	-0.632190067881385
1670	1	2.36780993211861
869	1	-0.632190067881385
269	1	2.36780993211861
2610	2	2.36780993211861
242	2	2.36780993211861
1702	1	-0.632190067881385
2415	2	2.36780993211861
1952	1	2.36780993211861
269	2	2.36780993211861
2964	1	-0.632190067881385
985	1	-1.63219006788139
427	1	-7.63219006788139
2408	2	-1.63219006788139
2606	1	-2.63219006788139
2887	2	4.86780993211862
869	1	2.36780993211861
1914	1	2.36780993211861
1702	1	-0.632190067881385
1188	1	-0.632190067881385
2534	1	-0.632190067881385
2415	1	-0.632190067881385
1435	4	-1.63219006788139
1160	1	-0.632190067881385
2173	2	-1.63219006788139
116	1	2.36780993211861
616	3	2.36780993211861
427	1	-0.632190067881385
242	1	2.36780993211861
242	1	-0.632190067881385
527	2	-0.632190067881385
269	3	2.36780993211861
2398	2	3.36780993211861
1702	1	-1.63219006788139
2818	1	4.86780993211862
1702	1	-7.63219006788139
1702	1	-1.63219006788139
269	1	3.36780993211861
2644	1	-2.63219006788139
2956	1	2.36780993211861
2610	1	-0.632190067881385
2644	1	-2.63219006788139
1725	1	-2.63219006788139
516	1	-1.63219006788139
2639	1	-0.632190067881385
1597	2	3.36780993211861
2398	1	0.367809932118615
681	1	-1.63219006788139
2309	2	-0.632190067881385
427	1	2.36780993211861
2861	1	-1.63219006788139
249	1	-1.63219006788139
1827	2	3.36780993211861
268	1	-1.63219006788139
985	1	-1.63219006788139
1844	2	-0.632190067881385
2316	3	2.36780993211861
269	3	-0.632190067881385
967	1	-0.632190067881385
512	2	2.36780993211861
645	1	-1.63219006788139
2781	1	-1.63219006788139
1214	1	-1.63219006788139
1852	1	-0.632190067881385
2734	1	-0.632190067881385
242	1	-0.632190067881385
1385	1	-0.632190067881385
116	1	-2.63219006788139
1066	1	4.86780993211862
457	2	-1.63219006788139
1009	1	-2.63219006788139
2085	1	2.36780993211861
2260	2	2.36780993211861
604	2	-0.632190067881385
2610	1	0.367809932118615
2295	1	-0.632190067881385
2644	1	-1.63219006788139
1398	4	-5.63219006788139
2018	3	-0.632190067881385
649	2	-1.63219006788139
1893	2	-0.632190067881385
1650	2	4.86780993211862
2734	1	2.36780993211861
616	1	2.36780993211861
559	1	-0.632190067881385
1702	3	-0.632190067881385
2309	1	2.36780993211861
249	2	-0.632190067881385
1608	1	-1.63219006788139
1075	1	-1.63219006788139
2398	1	-0.632190067881385
853	1	3.36780993211861
1875	2	4.86780993211862
2924	1	4.86780993211862
1844	1	2.36780993211861
2415	2	-0.632190067881385
2295	3	-2.63219006788139
1321	2	-0.632190067881385
275	1	2.36780993211861
1435	1	-4.63219006788139
2018	2	-1.63219006788139
2415	1	-0.632190067881385
1702	1	-1.63219006788139
1188	2	0.367809932118615
2644	2	-0.632190067881385
2271	1	-0.632190067881385
1235	1	2.36780993211861
1435	1	-5.63219006788139
616	1	-5.63219006788139
958	2	-0.632190067881385
2240	1	-2.63219006788139
985	1	-0.632190067881385
2639	1	4.86780993211862
512	1	2.36780993211861
1003	2	4.86780993211862
242	1	-0.632190067881385
269	1	-1.63219006788139
2251	3	2.36780993211861
2462	2	0.367809932118615
2415	1	-2.63219006788139
269	3	4.86780993211862
268	2	-0.632190067881385
869	4	-2.63219006788139
242	1	-0.632190067881385
1188	1	-1.63219006788139
2265	2	-2.63219006788139
2734	1	-0.632190067881385
457	1	-1.63219006788139
985	1	2.36780993211861
507	2	2.36780993211861
2113	1	-2.63219006788139
869	3	-1.63219006788139
985	1	-0.632190067881385
269	3	-0.632190067881385
2227	1	-5.63219006788139
1650	1	0.367809932118615
2887	1	-0.632190067881385
1188	1	4.86780993211862
2173	1	-0.632190067881385
2295	1	-0.632190067881385
2309	1	-5.63219006788139
275	1	0.367809932118615
242	1	-0.632190067881385
512	1	-1.63219006788139
269	3	0.367809932118615
1312	2	0.367809932118615
2724	1	-0.632190067881385
242	1	4.86780993211862
2644	1	-0.632190067881385
1312	1	4.86780993211862
242	1	-0.632190067881385
2334	2	3.36780993211861
1188	1	-0.632190067881385
1844	1	-0.632190067881385
2956	1	4.86780993211862
1318	1	2.36780993211861
1160	2	-0.632190067881385
2415	1	-0.632190067881385
2309	1	-0.632190067881385
967	1	-2.63219006788139
2309	1	-0.632190067881385
1024	1	-2.63219006788139
1725	1	2.36780993211861
690	1	2.36780993211861
2415	1	-0.632190067881385
1188	1	2.36780993211861
6	1	-2.63219006788139
2964	1	-0.632190067881385
1725	1	-0.632190067881385
2724	3	-0.632190067881385
92	1	4.86780993211862
2876	1	-1.63219006788139
2861	4	2.36780993211861
2956	2	-0.632190067881385
2642	1	-0.632190067881385
2025	1	2.36780993211861
2415	2	2.36780993211861
249	3	2.36780993211861
2890	3	-0.632190067881385
2610	1	2.36780993211861
2295	1	-1.63219006788139
269	2	-2.63219006788139
2724	1	2.36780993211861
1702	1	-1.63219006788139
1215	2	-0.632190067881385
1893	1	0.367809932118615
985	1	-1.63219006788139
2131	1	-2.63219006788139
2240	1	-1.63219006788139
1844	1	2.36780993211861
1432	2	-5.63219006788139
457	2	-0.632190067881385
1188	1	-0.632190067881385
2309	1	2.36780993211861
1725	1	-1.63219006788139
2217	1	2.36780993211861
2131	2	-0.632190067881385
428	1	2.36780993211861
2617	3	-7.63219006788139
2617	3	-2.63219006788139
1385	2	0.367809932118615
6	1	-0.632190067881385
1009	1	-0.632190067881385
242	1	-0.632190067881385
2734	1	-0.632190067881385
911	1	2.36780993211861
1009	2	-0.632190067881385
2644	1	4.86780993211862
2309	1	2.36780993211861
1179	1	4.86780993211862
1702	1	3.36780993211861
869	3	4.86780993211862
1009	1	-0.632190067881385
2309	2	-0.632190067881385
2644	1	-1.63219006788139
1893	1	-1.63219006788139
2956	1	2.36780993211861
2377	2	4.86780993211862
1435	1	-2.63219006788139
3000	2	-0.632190067881385
2781	1	2.36780993211861
1844	3	-0.632190067881385
1844	1	-0.632190067881385
2427	1	-0.632190067881385
269	2	2.36780993211861
242	1	-2.63219006788139
2956	1	2.36780993211861
242	2	-0.632190067881385
645	1	-0.632190067881385
2309	2	-0.632190067881385
2533	1	-2.63219006788139
2843	1	-2.63219006788139
1614	1	-0.632190067881385
2251	2	-0.632190067881385
2415	3	0.367809932118615
1623	1	2.36780993211861
1725	3	-0.632190067881385
1572	1	-5.63219006788139
2749	2	2.36780993211861
2617	1	-0.632190067881385
516	1	-0.632190067881385
242	1	-0.632190067881385
1844	2	-0.632190067881385
2251	1	-1.63219006788139
1318	1	-2.63219006788139
1369	3	2.36780993211861
2398	1	-0.632190067881385
684	1	-2.63219006788139
1572	2	-1.63219006788139
1844	2	-1.63219006788139
2240	1	4.86780993211862
269	4	-2.63219006788139
2463	3	2.36780993211861
2350	1	-1.63219006788139
2309	4	-1.63219006788139
516	1	-1.63219006788139
2606	1	2.36780993211861
269	1	-0.632190067881385
2840	1	4.86780993211862
469	1	-0.632190067881385
2724	1	-1.63219006788139
869	2	-0.632190067881385
457	2	-1.63219006788139
2781	1	-1.63219006788139
811	2	2.36780993211861
2724	3	-0.632190067881385
958	1	-0.632190067881385
958	1	-1.63219006788139
2809	1	-1.63219006788139
2271	1	2.36780993211861
681	1	2.36780993211861
242	1	-0.632190067881385
2240	1	2.36780993211861
2840	1	4.86780993211862
2309	1	-0.632190067881385
2415	1	2.36780993211861
967	1	-0.632190067881385
616	2	2.36780993211861
516	1	-0.632190067881385
1160	1	2.36780993211861
2462	1	-0.632190067881385
869	2	2.36780993211861
2240	1	-0.632190067881385
275	1	-0.632190067881385
2606	1	-0.632190067881385
1844	1	-0.632190067881385
1398	3	4.86780993211862
869	1	-0.632190067881385
2644	1	-0.632190067881385
1827	1	4.86780993211862
1725	1	-0.632190067881385
967	1	-0.632190067881385
2295	1	2.36780993211861
1318	2	-5.63219006788139
1398	3	4.86780993211862
2616	1	2.36780993211861
242	2	-0.632190067881385
604	1	2.36780993211861
457	1	-1.63219006788139
269	1	-2.63219006788139
1179	1	2.36780993211861
2398	1	-0.632190067881385
1572	1	-1.63219006788139
1435	2	2.86780993211861
958	4	-5.63219006788139
2606	1	-1.63219006788139
1197	1	2.36780993211861
2991	1	2.36780993211861
1215	2	2.36780993211861
1372	2	2.36780993211861
1725	2	-0.632190067881385
116	1	2.36780993211861
2334	2	-0.632190067881385
604	1	-1.63219006788139
1460	2	2.36780993211861
269	2	-0.632190067881385
2085	1	4.86780993211862
2206	1	-1.63219006788139
2258	2	-0.632190067881385
2781	1	4.86780993211862
559	2	-0.632190067881385
242	2	2.36780993211861
242	1	2.36780993211861
588	3	-0.632190067881385
811	3	-0.632190067881385
811	2	-2.63219006788139
569	4	-0.632190067881385
811	2	-1.63219006788139
1702	1	3.36780993211861
2876	3	4.86780993211862
1703	4	-1.63219006788139
1529	1	-0.632190067881385
1369	1	-1.63219006788139
2085	1	-0.632190067881385
771	1	-1.63219006788139
512	2	-1.63219006788139
1725	2	4.86780993211862
869	2	2.36780993211861
1160	1	2.36780993211861
2217	1	-0.632190067881385
811	2	-0.632190067881385
516	3	-1.63219006788139
242	1	-2.63219006788139
269	3	-0.632190067881385
1844	1	3.36780993211861
2377	1	-0.632190067881385
719	2	-2.63219006788139
242	2	2.36780993211861
2991	1	2.36780993211861
1372	1	-0.632190067881385
1725	1	3.36780993211861
1744	1	4.86780993211862
268	3	2.36780993211861
2398	1	4.86780993211862
2734	2	2.36780993211861
2534	3	-0.632190067881385
780	3	2.36780993211861
719	1	4.86780993211862
2173	3	-0.632190067881385
2309	1	4.86780993211862
242	2	-0.632190067881385
1312	3	-1.63219006788139
2415	1	-0.632190067881385
242	2	-0.632190067881385
242	2	-0.632190067881385
2309	1	-0.632190067881385
2639	1	-5.63219006788139
1670	1	-0.632190067881385
1847	3	-5.63219006788139
2295	2	-1.63219006788139
1725	1	-0.632190067881385
1930	1	-0.632190067881385
456	2	-0.632190067881385
391	1	-0.632190067881385
958	1	-1.63219006788139
237	1	-0.632190067881385
690	1	4.86780993211862
616	2	0.367809932118615
2781	1	-0.632190067881385
1433	3	2.36780993211861
242	1	-0.632190067881385
242	1	-0.632190067881385
1312	2	2.36780993211861
2888	2	-0.632190067881385
2876	3	-1.63219006788139
1725	1	-1.63219006788139
1844	1	-0.632190067881385
1702	2	-2.63219006788139
69	1	-2.63219006788139
1608	3	4.86780993211862
269	2	4.86780993211862
869	2	2.36780993211861
69	1	-0.632190067881385
2258	1	-0.632190067881385
457	4	-2.63219006788139
1385	1	-0.632190067881385
2408	1	-0.632190067881385
2991	2	-2.63219006788139
1160	1	0.367809932118615
1703	2	-1.63219006788139
275	3	0.367809932118615
1893	1	-0.632190067881385
1725	1	-0.632190067881385
869	3	2.36780993211861
269	1	-0.632190067881385
2173	1	-0.632190067881385
1009	3	2.36780993211861
2843	2	-1.63219006788139
2876	1	-1.63219006788139
2606	3	4.86780993211862
457	3	-5.63219006788139
1372	1	2.36780993211861
1597	2	3.36780993211861
1235	3	-0.632190067881385
2781	1	-0.632190067881385
853	1	-2.63219006788139
1821	3	-1.63219006788139
1893	2	-1.63219006788139
1844	3	-0.632190067881385
719	1	-1.63219006788139
2309	1	-1.63219006788139
2991	1	-0.632190067881385
1398	2	3.36780993211861
1419	1	-0.632190067881385
2964	1	-1.63219006788139
2309	2	-1.63219006788139
2462	2	4.86780993211862
428	1	-2.63219006788139
1435	1	-0.632190067881385
2991	1	0.367809932118615
1235	1	-2.63219006788139
1711	1	2.36780993211861
1893	1	4.86780993211862
2734	1	-2.63219006788139
2173	2	0.367809932118615
2610	2	-1.63219006788139
2606	3	3.36780993211861
457	2	-0.632190067881385
911	1	2.36780993211861
2309	1	-2.63219006788139
69	2	2.36780993211861
2876	1	-0.632190067881385
2734	1	4.86780993211862
269	1	-5.63219006788139
2876	2	4.86780993211862
2606	1	-1.63219006788139
487	1	-0.632190067881385
1572	1	-0.632190067881385
428	1	2.36780993211861
958	3	-1.63219006788139
1312	1	2.36780993211861
1572	1	2.36780993211861
2639	1	-0.632190067881385
1432	1	0.367809932118615
843	1	-2.63219006788139
69	1	-0.632190067881385
2956	1	2.36780993211861
2781	1	-2.63219006788139
2251	1	-2.63219006788139
853	1	2.36780993211861
516	1	4.86780993211862
1312	2	2.36780993211861
2617	2	-1.63219006788139
674	3	0.367809932118615
2861	1	2.36780993211861
1608	2	0.367809932118615
457	1	-5.63219006788139
1844	1	-0.632190067881385
958	1	4.86780993211862
719	1	-2.63219006788139
269	2	-0.632190067881385
719	2	-0.632190067881385
1844	1	-5.63219006788139
2861	1	2.36780993211861
1398	2	-0.632190067881385
1312	2	0.367809932118615
1385	2	-0.632190067881385
2991	1	-0.632190067881385
1529	3	-5.63219006788139
1235	1	-0.632190067881385
1188	1	-0.632190067881385
1385	3	-2.63219006788139
2217	2	-1.63219006788139
1893	1	-1.63219006788139
69	1	-2.63219006788139
1385	2	-1.63219006788139
516	1	2.36780993211861
237	3	-0.632190067881385
1725	1	-0.632190067881385
275	1	0.367809932118615
2113	1	2.36780993211861
2861	1	-0.632190067881385
1021	1	-1.63219006788139
1702	1	-0.632190067881385
681	1	-1.63219006788139
1372	2	2.36780993211861
2991	1	2.36780993211861
516	1	2.36780993211861
2639	1	4.86780993211862
700	4	-0.632190067881385
1024	2	-1.63219006788139
958	2	0.367809932118615
2171	1	2.36780993211861
1419	1	-1.63219006788139
461	1	-1.63219006788139
2888	1	-2.63219006788139
719	1	0.367809932118615
719	3	-1.63219006788139
2240	4	-1.63219006788139
2606	2	2.36780993211861
481	1	2.36780993211861
1581	2	-0.632190067881385
2260	1	2.36780993211861
1844	3	-0.632190067881385
2394	1	0.367809932118615
2956	1	-2.63219006788139
516	2	0.367809932118615
2334	4	-5.63219006788139
2843	2	2.36780993211861
1581	1	-0.632190067881385
2639	2	4.86780993211862
2606	2	2.36780993211861
2861	3	-0.632190067881385
1893	1	2.36780993211861
1435	1	-5.63219006788139
2217	3	2.36780993211861
1432	2	-0.632190067881385
74	2	-1.63219006788139
2991	1	-2.63219006788139
1827	3	4.86780993211862
1198	2	2.36780993211861
512	2	-1.63219006788139
242	1	-1.63219006788139
853	1	-7.63219006788139
2415	1	4.86780993211862
1893	2	2.36780993211861
1235	1	-0.632190067881385
1075	3	-0.632190067881385
2781	3	2.36780993211861
1256	1	-0.632190067881385
457	1	-0.632190067881385
2171	2	-0.632190067881385
2171	1	-0.632190067881385
719	1	-0.632190067881385
69	2	-0.632190067881385
2171	1	2.36780993211861
1393	3	2.36780993211861
967	1	2.36780993211861
428	1	-0.632190067881385
911	1	2.36780993211861
1075	2	2.36780993211861
2171	2	2.36780993211861
1435	4	-1.63219006788139
516	1	-0.632190067881385
1372	2	-0.632190067881385
1235	1	-0.632190067881385
2251	1	-5.63219006788139
2113	1	-0.632190067881385
1256	1	2.36780993211861
2251	2	-0.632190067881385
1235	2	-0.632190067881385
2377	2	-0.632190067881385
516	1	2.36780993211861
1024	2	0.367809932118615
2606	1	2.36780993211861
2251	3	-0.632190067881385
2463	1	2.36780993211861
1492	2	-0.632190067881385
179	1	-1.63219006788139
1827	1	-0.632190067881385
1160	4	-0.632190067881385
457	3	-5.63219006788139
2887	2	3.36780993211861
2606	1	2.36780993211861
2781	1	-1.63219006788139
457	4	-5.63219006788139
2251	3	0.367809932118615
2887	2	-1.63219006788139
1372	3	-1.63219006788139
1608	1	-1.63219006788139
958	1	2.36780993211861
457	1	4.86780993211862
843	1	-0.632190067881385
958	3	-2.63219006788139
237	1	-0.632190067881385
391	3	-0.632190067881385
2861	1	-5.63219006788139
2309	1	-1.63219006788139
588	3	-2.63219006788139
958	3	-0.632190067881385
1235	1	-0.632190067881385
2610	1	2.36780993211861
2085	1	-1.63219006788139
1038	1	-0.632190067881385
1572	1	4.86780993211862
2617	2	-1.63219006788139
1844	2	-0.632190067881385
1572	1	0.367809932118615
652	3	-0.632190067881385
958	3	-0.632190067881385
843	1	-2.63219006788139
2415	1	-0.632190067881385
1372	2	-0.632190067881385
2887	3	-0.632190067881385
1828	1	-1.63219006788139
2956	3	-1.63219006788139
2415	2	2.36780993211861
1215	1	-2.63219006788139
1081	3	2.36780993211861
516	1	-2.63219006788139
2606	3	-0.632190067881385
1369	1	-1.63219006788139
1318	1	0.367809932118615
1372	2	-1.63219006788139
2251	1	-0.632190067881385
1256	3	-5.63219006788139
2617	2	-2.63219006788139
1318	2	-1.63219006788139
1536	1	2.36780993211861
2642	2	-0.632190067881385
2639	2	2.36780993211861
2251	3	-1.63219006788139
2861	2	-1.63219006788139
2173	1	-7.63219006788139
2258	1	2.36780993211861
2085	2	4.86780993211862
1460	1	0.367809932118615
1380	3	-0.632190067881385
967	1	2.36780993211861
2085	1	-0.632190067881385
2534	3	-5.63219006788139
1581	1	-2.63219006788139
843	1	-1.63219006788139
2610	1	-1.63219006788139
1433	2	2.86780993211861
516	2	-0.632190067881385
1844	1	2.36780993211861
2206	1	-0.632190067881385
1372	1	-0.632190067881385
911	1	2.36780993211861
1372	3	-0.632190067881385
2415	2	-0.632190067881385
2462	3	2.36780993211861
275	1	-0.632190067881385
1235	1	-2.63219006788139
559	3	-7.63219006788139
559	1	-0.632190067881385
275	1	-0.632190067881385
1385	2	-0.632190067881385
457	3	2.36780993211861
1075	2	2.36780993211861
1572	3	-0.632190067881385
1930	2	-0.632190067881385
1844	2	-0.632190067881385
1930	1	-1.63219006788139
516	1	0.367809932118615
2462	1	-5.63219006788139
1581	2	2.36780993211861
1581	1	-0.632190067881385
2610	2	-4.63219006788139
2639	1	2.36780993211861
69	1	-0.632190067881385
2217	3	-1.63219006788139
457	2	-7.63219006788139
1581	2	-2.63219006788139
2612	2	-0.632190067881385
242	2	2.36780993211861
1702	1	-2.63219006788139
74	1	2.36780993211861
1581	1	2.36780993211861
1419	1	-5.63219006788139
116	4	-1.63219006788139
2606	2	-2.63219006788139
1318	1	2.36780993211861
1075	3	-0.632190067881385
2887	1	-5.63219006788139
1024	1	-1.63219006788139
1318	3	2.36780993211861
2887	2	-0.632190067881385
2956	3	-2.63219006788139
559	2	-1.63219006788139
242	1	-1.63219006788139
2295	1	-2.63219006788139
2610	1	2.36780993211861
69	1	2.36780993211861
269	1	2.36780993211861
457	2	-0.632190067881385
1318	1	2.36780993211861
559	1	-1.63219006788139
2085	1	-2.63219006788139
242	2	-1.63219006788139
516	1	2.36780993211861
2113	1	-2.63219006788139
2206	3	-0.632190067881385
1844	2	-0.632190067881385
967	1	2.36780993211861
69	3	2.36780993211861
1608	2	-0.632190067881385
2907	1	-2.63219006788139
268	1	0.367809932118615
269	1	-2.63219006788139
1184	3	2.36780993211861
1844	4	3.36780993211861
2251	1	2.36780993211861
116	4	-5.63219006788139
2610	1	-5.63219006788139
516	1	-7.63219006788139
2907	2	-0.632190067881385
1572	1	-0.632190067881385
1318	1	0.367809932118615
967	1	-0.632190067881385
1572	3	-1.63219006788139
1572	1	4.86780993211862
1372	2	-5.63219006788139
116	4	-5.63219006788139
1930	1	-0.632190067881385
559	2	-0.632190067881385
2217	2	-0.632190067881385
4	3	-0.632190067881385
1492	2	-0.632190067881385
1318	2	-0.632190067881385
1974	1	-1.63219006788139
1584	1	2.36780993211861
457	3	-0.632190067881385
457	1	-5.63219006788139
1581	1	-2.63219006788139
529	1	-1.63219006788139
2956	3	-0.632190067881385
1082	1	-1.63219006788139
1670	1	-0.632190067881385
2642	1	-0.632190067881385
2956	1	-0.632190067881385
2398	3	-1.63219006788139
1844	1	2.36780993211861
2907	1	-5.63219006788139
179	2	-0.632190067881385
1372	1	-2.63219006788139
69	1	0.367809932118615
69	1	-1.63219006788139
1256	3	4.86780993211862
393	1	-0.632190067881385
1608	2	-0.632190067881385
457	1	-1.63219006788139
2206	2	-0.632190067881385
1385	2	3.36780993211861
1075	4	-2.63219006788139
2861	3	-1.63219006788139
242	1	2.36780993211861
869	3	-0.632190067881385
1318	1	-2.63219006788139
1744	1	0.367809932118615
1597	1	4.86780993211862
2528	2	2.36780993211861
116	3	-2.63219006788139
869	2	-1.63219006788139
1197	1	2.36780993211861
1372	1	2.86780993211861
1492	2	-0.632190067881385
457	1	-1.63219006788139
2309	1	2.36780993211861
985	3	0.367809932118615
1419	1	2.36780993211861
1827	2	4.86780993211862
242	1	-0.632190067881385
1198	1	-0.632190067881385
1974	1	-0.632190067881385
2642	1	-5.63219006788139
780	3	4.86780993211862
391	2	-0.632190067881385
1744	1	2.36780993211861
2260	1	3.36780993211861
1581	2	3.36780993211861
1492	1	-0.632190067881385
1702	2	-0.632190067881385
2260	1	-0.632190067881385
391	1	-2.63219006788139
786	1	2.36780993211861
1435	1	2.36780993211861
2018	1	-2.63219006788139
2861	1	-1.63219006788139
559	1	-0.632190067881385
1702	1	-5.63219006788139
1827	4	-0.632190067881385
1930	1	4.86780993211862
116	1	-5.63219006788139
2642	2	3.36780993211861
744	3	2.36780993211861
1581	1	2.36780993211861
69	1	-0.632190067881385
1024	1	2.36780993211861
1581	3	-0.632190067881385
457	3	-5.63219006788139
1302	2	-2.63219006788139
242	1	-2.63219006788139
1198	2	-0.632190067881385
69	1	-5.63219006788139
1597	1	-0.632190067881385
529	1	-0.632190067881385
1670	1	-0.632190067881385
2206	2	-0.632190067881385
179	1	2.36780993211861
985	2	-2.63219006788139
1492	2	-7.63219006788139
2861	3	-0.632190067881385
2113	1	2.36780993211861
268	2	-0.632190067881385
1492	1	-1.63219006788139
967	1	-0.632190067881385
116	2	-1.63219006788139
391	2	-0.632190067881385
1256	1	3.36780993211861
1572	1	2.36780993211861
744	1	-0.632190067881385
268	1	-4.63219006788139
1717	1	-0.632190067881385
2211	1	-0.632190067881385
2258	1	-1.63219006788139
744	1	-1.63219006788139
74	1	-0.632190067881385
985	2	2.36780993211861
242	1	-2.63219006788139
242	1	2.36780993211861
1435	2	-0.632190067881385
1650	4	-5.63219006788139
269	1	2.36780993211861
116	1	-2.63219006788139
1184	1	2.36780993211861
516	1	-1.63219006788139
2734	1	-0.632190067881385
911	1	-0.632190067881385
269	1	2.36780993211861
2217	1	-1.63219006788139
2295	2	-0.632190067881385
268	2	-0.632190067881385
1318	3	2.36780993211861
428	1	2.36780993211861
116	1	-7.63219006788139
1821	2	4.86780993211862
2639	2	4.86780993211862
2217	2	-5.63219006788139
1581	1	-0.632190067881385
2260	2	4.86780993211862
457	1	2.36780993211861
1572	1	2.36780993211861
2377	2	2.36780993211861
1974	2	2.36780993211861
2018	1	-2.63219006788139
1492	1	-1.63219006788139
985	1	-0.632190067881385
391	3	-0.632190067881385
2956	1	-0.632190067881385
744	1	-0.632190067881385
744	2	4.86780993211862
268	1	-1.63219006788139
1973	1	-1.63219006788139
1075	2	-0.632190067881385
1372	1	2.36780993211861
1930	1	-0.632190067881385
113	1	2.36780993211861
967	1	3.36780993211861
242	1	-0.632190067881385
2907	2	-5.63219006788139
853	1	-0.632190067881385
2956	1	-0.632190067881385
2639	1	2.36780993211861
242	2	-0.632190067881385
269	1	2.86780993211861
1572	2	-0.632190067881385
116	1	2.36780993211861
516	1	-2.63219006788139
616	1	-1.63219006788139
69	1	-0.632190067881385
1572	1	-2.63219006788139
69	1	-1.63219006788139
242	1	-1.63219006788139
1893	2	-0.632190067881385
457	3	-7.63219006788139
1702	1	-0.632190067881385
653	1	2.36780993211861
967	3	-0.632190067881385
1670	1	-0.632190067881385
1844	1	-0.632190067881385
1385	1	3.36780993211861
145	3	3.36780993211861
2206	2	-0.632190067881385
2861	1	-0.632190067881385
1973	2	-0.632190067881385
1572	1	2.36780993211861
1827	1	-1.63219006788139
1608	2	2.36780993211861
516	1	-0.632190067881385
1419	1	-2.63219006788139
1930	1	-0.632190067881385
2616	2	-0.632190067881385
116	1	-1.63219006788139
1318	2	3.36780993211861
2309	1	-0.632190067881385
529	1	-1.63219006788139
1930	1	-0.632190067881385
985	1	-0.632190067881385
2599	3	3.36780993211861
985	1	2.36780993211861
1572	1	-0.632190067881385
1974	2	2.36780993211861
1914	2	2.36780993211861
516	1	2.36780993211861
1893	2	-2.63219006788139
911	1	4.86780993211862
2206	1	-0.632190067881385
681	1	-0.632190067881385
529	3	-0.632190067881385
457	1	-7.63219006788139
1914	1	2.36780993211861
1581	1	-0.632190067881385
1152	1	-0.632190067881385
1435	1	0.367809932118615
1844	1	-7.63219006788139
481	1	2.36780993211861
1572	1	-0.632190067881385
2907	1	-0.632190067881385
1597	2	4.86780993211862
1318	3	-0.632190067881385
2907	1	-2.63219006788139
1974	3	4.86780993211862
516	1	-0.632190067881385
681	1	-0.632190067881385
69	3	-0.632190067881385
529	1	-0.632190067881385
1974	1	-1.63219006788139
2861	1	2.36780993211861
2018	1	-1.63219006788139
1372	1	-0.632190067881385
811	2	-0.632190067881385
744	1	-1.63219006788139
268	1	-1.63219006788139
1974	3	4.86780993211862
1581	2	-0.632190067881385
2606	1	-0.632190067881385
1974	2	-0.632190067881385
2018	1	4.86780993211862
2018	1	-0.632190067881385
1372	2	-1.63219006788139
1827	3	-0.632190067881385
985	3	0.367809932118615
428	3	4.86780993211862
1827	4	2.36780993211861
1930	2	2.36780993211861
1614	1	2.36780993211861
1973	1	2.36780993211861
1572	1	-0.632190067881385
1572	3	-0.632190067881385
1536	1	-1.63219006788139
2639	3	2.36780993211861
1318	1	4.86780993211862
1893	1	-1.63219006788139
1893	1	2.36780993211861
529	1	-1.63219006788139
681	1	2.36780993211861
985	1	-1.63219006788139
1372	2	-1.63219006788139
461	1	-1.63219006788139
811	3	0.367809932118615
1572	1	2.36780993211861
1435	1	-2.63219006788139
1974	2	-0.632190067881385
1075	1	-1.63219006788139
2206	1	-1.63219006788139
985	1	-1.63219006788139
1572	1	4.86780993211862
457	2	-2.63219006788139
1572	1	-1.63219006788139
681	1	-0.632190067881385
1572	4	-2.63219006788139
1318	1	-0.632190067881385
1572	1	-0.632190067881385
1930	1	2.36780993211861
985	1	2.36780993211861
811	2	2.36780993211861
2260	1	-1.63219006788139
1318	1	-0.632190067881385
2616	1	4.86780993211862
428	1	-0.632190067881385
428	2	2.36780993211861
1372	2	-0.632190067881385
1435	1	-2.63219006788139
1372	1	-0.632190067881385
1893	1	-2.63219006788139
1435	2	-1.63219006788139
457	1	-5.63219006788139
1893	1	-1.63219006788139
2398	1	4.86780993211862
811	3	-0.632190067881385
681	2	-0.632190067881385
2815	2	2.36780993211861
1670	2	-1.63219006788139
1572	2	-1.63219006788139
985	3	-0.632190067881385
2206	1	-5.63219006788139
529	1	-0.632190067881385
1827	3	-1.63219006788139
681	1	2.36780993211861
1608	2	-1.63219006788139
1670	3	-4.63219006788139
786	1	-0.632190067881385
249	1	-1.63219006788139
457	2	2.36780993211861
1435	2	-2.63219006788139
2639	3	-0.632190067881385
2462	1	-1.63219006788139
1372	2	-2.63219006788139
428	2	-0.632190067881385
811	2	-1.63219006788139
653	1	-0.632190067881385
1893	2	-2.63219006788139
249	1	2.36780993211861
1893	1	-1.63219006788139
428	1	3.36780993211861
1372	1	-1.63219006788139
811	1	-1.63219006788139
811	1	2.36780993211861
2217	1	-2.63219006788139
461	2	4.86780993211862
1608	1	-2.63219006788139
1893	1	2.36780993211861
1893	2	-1.63219006788139
911	1	-2.63219006788139
428	1	-0.632190067881385
1372	1	-0.632190067881385
811	1	-0.632190067881385
2577	1	3.36780993211861
2640	1	2.36780993211861
2394	1	-0.632190067881385
2640	1	2.36780993211861
2351	1	4.86780993211862
920	1	2.36780993211861
2640	1	-1.63219006788139
2640	1	0.367809932118615
2394	2	4.86780993211862
2640	1	2.36780993211861
1405	2	2.36780993211861
2010	1	3.36780993211861
1083	2	2.36780993211861
2394	2	-0.632190067881385
2351	1	4.86780993211862
362	2	-0.632190067881385
1172	1	0.367809932118615
1935	1	-1.63219006788139
2662	1	-2.63219006788139
1033	2	-0.632190067881385
2640	2	2.36780993211861
2394	2	4.86780993211862
308	1	-0.632190067881385
2640	1	-0.632190067881385
1083	1	2.36780993211861
2640	1	-0.632190067881385
1935	1	2.36780993211861
1083	1	4.86780993211862
2394	2	-0.632190067881385
2640	1	-0.632190067881385
2662	1	2.36780993211861
1405	2	2.36780993211861
2662	2	-2.63219006788139
308	1	4.86780993211862
1033	1	-2.63219006788139
2662	1	-2.63219006788139
1083	1	2.36780993211861
2623	3	2.36780993211861
1033	1	4.86780993211862
2351	1	-1.63219006788139
2623	2	0.367809932118615
2394	1	-0.632190067881385
2394	1	3.36780993211861
2623	1	4.86780993211862
2351	1	3.36780993211861
2351	2	4.86780993211862
2394	2	2.36780993211861
2394	2	-0.632190067881385
1083	2	2.36780993211861
2640	1	-0.632190067881385
2577	3	-1.63219006788139
308	2	2.36780993211861
2577	2	2.36780993211861
2351	2	2.36780993211861
2623	1	0.367809932118615
2640	2	-1.63219006788139
2662	1	-0.632190067881385
1405	1	2.36780993211861
2351	3	-0.632190067881385
1033	3	-2.63219006788139
1033	2	2.36780993211861
2623	3	4.86780993211862
2640	2	4.86780993211862
2640	2	-1.63219006788139
1718	1	3.36780993211861
2662	1	-0.632190067881385
1083	2	4.86780993211862
2640	1	-0.632190067881385
1117	2	2.36780993211861
2577	1	-1.63219006788139
2640	1	-0.632190067881385
308	1	2.36780993211861
2640	1	-7.63219006788139
1083	1	2.36780993211861
2623	2	0.367809932118615
2577	3	2.36780993211861
2662	2	2.36780993211861
2394	1	-5.63219006788139
962	1	-2.63219006788139
2640	1	-0.632190067881385
989	1	4.86780993211862
1405	1	4.86780993211862
2394	2	2.36780993211861
2623	1	2.36780993211861
2351	1	4.86780993211862
1405	1	4.86780993211862
1405	2	-0.632190067881385
308	3	-1.63219006788139
1172	1	4.86780993211862
1172	1	-0.632190067881385
1033	4	-0.632190067881385
2351	3	-0.632190067881385
2351	1	2.36780993211861
2640	1	0.367809932118615
1405	2	2.36780993211861
1033	2	-0.632190067881385
2662	1	-0.632190067881385
1935	1	2.36780993211861
2351	1	-1.63219006788139
1405	2	-1.63219006788139
1617	1	2.36780993211861
962	1	-1.63219006788139
2010	1	2.36780993211861
1324	1	-0.632190067881385
1033	1	3.36780993211861
2394	1	0.367809932118615
2010	1	-0.632190067881385
2351	1	-1.63219006788139
1083	2	-0.632190067881385
2640	1	2.36780993211861
1398	3	0.367809932118615
1033	1	-2.63219006788139
1405	1	2.36780993211861
1935	1	-1.63219006788139
2640	1	-0.632190067881385
2623	3	3.36780993211861
1405	1	-0.632190067881385
2394	1	-0.632190067881385
2640	1	-1.63219006788139
2351	1	-0.632190067881385
2351	1	3.36780993211861
2577	3	3.36780993211861
2662	1	-0.632190067881385
2623	1	2.36780993211861
962	1	-1.63219006788139
2640	1	-0.632190067881385
2640	3	3.36780993211861
2394	3	-0.632190067881385
2640	3	2.36780993211861
1083	2	2.36780993211861
2351	1	-0.632190067881385
2394	1	2.36780993211861
2640	2	-0.632190067881385
1405	1	2.36780993211861
2640	1	2.36780993211861
2394	1	4.86780993211862
1033	3	4.86780993211862
2394	1	2.36780993211861
1935	1	-1.63219006788139
2010	1	2.36780993211861
1172	1	2.36780993211861
1935	1	-0.632190067881385
2010	1	-2.63219006788139
2623	4	-0.632190067881385
362	2	-1.63219006788139
1837	1	-0.632190067881385
962	1	-0.632190067881385
59	2	2.36780993211861
453	1	0.367809932118615
525	1	-5.63219006788139
2189	2	-1.63219006788139
453	2	2.36780993211861
453	1	2.36780993211861
1152	1	-0.632190067881385
1152	3	-0.632190067881385
453	1	-0.632190067881385
59	2	4.86780993211862
594	1	0.367809932118615
525	2	2.36780993211861
59	1	2.36780993211861
59	2	2.36780993211861
1152	3	-1.63219006788139
453	1	-0.632190067881385
2292	4	-5.63219006788139
453	1	-5.63219006788139
59	2	4.86780993211862
1152	1	-1.63219006788139
59	1	-4.63219006788139
1152	1	2.36780993211861
1152	3	-5.63219006788139
525	1	0.367809932118615
2292	2	2.36780993211861
594	1	2.36780993211861
453	1	4.86780993211862
59	3	0.367809932118615
525	1	-0.632190067881385
594	1	4.86780993211862
59	1	2.36780993211861
1152	3	-0.632190067881385
594	2	4.86780993211862
59	3	2.36780993211861
2292	1	-0.632190067881385
59	2	0.367809932118615
59	1	4.86780993211862
1152	1	-1.63219006788139
1152	2	3.36780993211861
525	1	-1.63219006788139
1152	2	-1.63219006788139
59	1	0.367809932118615
2292	3	-0.632190067881385
59	1	2.36780993211861
59	3	-0.632190067881385
594	2	4.86780993211862
2292	2	-0.632190067881385
2292	1	3.36780993211861
594	1	-7.63219006788139
1152	3	-0.632190067881385
1152	3	-0.632190067881385
525	1	-0.632190067881385
1152	2	-1.63219006788139
1152	2	-0.632190067881385
594	3	4.86780993211862
525	2	-1.63219006788139
1152	3	-1.63219006788139
594	1	-1.63219006788139
1152	3	-2.63219006788139
1152	3	2.36780993211861
1152	1	-1.63219006788139
59	1	-0.632190067881385
1152	2	-1.63219006788139
1152	1	-2.63219006788139
1152	1	-0.632190067881385
1152	3	-1.63219006788139
525	1	-0.632190067881385
1152	4	-7.63219006788139
1152	1	-7.63219006788139
1152	3	-5.63219006788139
525	1	2.36780993211861
1152	1	-0.632190067881385
525	1	3.36780993211861
1152	4	2.36780993211861
59	3	3.36780993211861
2292	1	-1.63219006788139
59	1	-5.63219006788139
1152	1	-1.63219006788139
1152	1	-0.632190067881385
525	1	0.367809932118615
1166	2	2.36780993211861
2053	1	2.36780993211861
101	1	-0.632190067881385
2053	2	-0.632190067881385
101	3	-0.632190067881385
1256	2	2.36780993211861
2053	1	2.36780993211861
1166	1	-0.632190067881385
2053	3	2.36780993211861
852	2	0.367809932118615
2314	1	0.367809932118615
1166	1	-5.63219006788139
2742	1	-0.632190067881385
2314	3	3.36780993211861
2314	2	0.367809932118615
1261	1	-0.632190067881385
2638	2	-0.632190067881385
2314	2	2.36780993211861
2240	1	-0.632190067881385
2240	1	3.36780993211861
2240	2	-0.632190067881385
2240	1	4.86780993211862
2240	1	3.36780993211861
2240	1	2.36780993211861
2240	2	-0.632190067881385
2462	1	-0.632190067881385
2240	2	-1.63219006788139
2462	1	2.36780993211861
2815	1	-2.63219006788139
2462	2	-0.632190067881385
2240	1	-0.632190067881385
2815	1	2.36780993211861
2462	2	-0.632190067881385
2462	1	3.36780993211861
2462	1	4.86780993211862
2462	1	2.36780993211861
2462	1	2.36780993211861
911	1	-0.632190067881385
529	3	2.36780993211861
481	2	-1.63219006788139
2018	1	4.86780993211862
1215	1	2.36780993211861
2018	2	-0.632190067881385
911	1	2.36780993211861
653	1	-0.632190067881385
1197	1	2.36780993211861
2377	3	2.36780993211861
2377	2	-2.63219006788139
2018	1	2.36780993211861
911	1	-0.632190067881385
1184	1	2.36780993211861
2377	1	-0.632190067881385
653	1	2.36780993211861
1536	1	-2.63219006788139
2018	2	3.36780993211861
1184	1	-0.632190067881385
786	1	-1.63219006788139
1974	1	-0.632190067881385
2856	1	2.36780993211861
1974	2	2.36780993211861
1974	1	-0.632190067881385
1974	1	-0.632190067881385
1974	1	-1.63219006788139
1974	1	-1.63219006788139
1974	1	-2.63219006788139
1974	1	2.36780993211861
1974	1	-0.632190067881385
1974	2	2.36780993211861
1974	2	-1.63219006788139
1974	1	-2.63219006788139
1974	2	-0.632190067881385
1974	2	3.36780993211861
1974	1	-0.632190067881385
1974	2	-1.63219006788139
1974	1	-2.63219006788139
1974	1	-0.632190067881385
2260	4	-1.63219006788139
1372	4	-2.63219006788139
1608	1	-7.63219006788139
2260	2	-0.632190067881385
1893	1	-0.632190067881385
1893	2	-0.632190067881385
1893	1	-2.63219006788139
1893	1	-1.63219006788139
2642	3	2.36780993211861
1385	1	0.367809932118615
2642	2	-0.632190067881385
1024	2	-0.632190067881385
1385	1	-0.632190067881385
1024	2	-0.632190067881385
391	1	4.86780993211862
391	1	2.36780993211861
391	1	-0.632190067881385
391	2	2.36780993211861
391	3	-1.63219006788139
391	2	2.36780993211861
391	1	2.36780993211861
391	1	-0.632190067881385
391	1	2.36780993211861
391	2	2.36780993211861
391	1	2.36780993211861
391	2	2.36780993211861
391	3	2.36780993211861
391	1	4.86780993211862
391	2	-2.63219006788139
391	1	-0.632190067881385
391	1	-0.632190067881385
391	1	-1.63219006788139
391	2	0.367809932118615
391	1	-5.63219006788139
1140	2	-0.632190067881385
2104	2	-1.63219006788139
1140	1	2.36780993211861
95	1	-0.632190067881385
2104	1	-0.632190067881385
1140	1	-2.63219006788139
1167	3	3.36780993211861
1140	1	-0.632190067881385
2104	1	2.36780993211861
1140	1	-0.632190067881385
1140	1	4.86780993211862
1140	1	-0.632190067881385
2104	1	-0.632190067881385
1140	1	-0.632190067881385
1140	2	0.367809932118615
1140	1	-2.63219006788139
1167	2	-0.632190067881385
1140	3	2.36780993211861
1140	1	-1.63219006788139
1140	1	-0.632190067881385
2104	1	3.36780993211861
2104	1	-1.63219006788139
1140	2	-0.632190067881385
2104	3	-0.632190067881385
1433	1	2.36780993211861
1140	1	-0.632190067881385
1140	2	-1.63219006788139
1140	1	-0.632190067881385
1140	1	-0.632190067881385
2104	1	-0.632190067881385
1140	1	-1.63219006788139
1140	1	2.36780993211861
1140	1	-0.632190067881385
1140	4	-0.632190067881385
2104	1	-1.63219006788139
1140	1	-0.632190067881385
1140	1	-1.63219006788139
1140	1	2.36780993211861
1140	1	2.36780993211861
1140	1	2.36780993211861
1140	1	4.86780993211862
1140	1	-0.632190067881385
1140	1	-0.632190067881385
428	3	-0.632190067881385
428	2	-0.632190067881385
428	1	-1.63219006788139
428	1	3.36780993211861
428	1	-0.632190067881385
428	2	-0.632190067881385
428	1	-0.632190067881385
428	2	3.36780993211861
428	1	-0.632190067881385
428	3	2.36780993211861
428	2	4.86780993211862
428	1	-1.63219006788139
428	2	-0.632190067881385
428	1	-0.632190067881385
428	2	-1.63219006788139
428	2	2.36780993211861
428	2	-0.632190067881385
428	1	-0.632190067881385
428	1	2.36780993211861
428	1	-1.63219006788139
428	1	-0.632190067881385
428	1	-0.632190067881385
428	1	-0.632190067881385
428	1	-2.63219006788139
428	1	2.36780993211861
428	1	-2.63219006788139
428	2	2.36780993211861
428	2	-0.632190067881385
428	1	-0.632190067881385
2206	1	-0.632190067881385
2206	1	-2.63219006788139
2206	2	-2.63219006788139
2206	1	-0.632190067881385
2206	2	4.86780993211862
2206	2	2.36780993211861
2206	1	-1.63219006788139
2206	1	-0.632190067881385
2206	1	2.36780993211861
2206	2	2.36780993211861
2206	1	-1.63219006788139
2206	1	-0.632190067881385
2206	1	-0.632190067881385
1492	1	2.36780993211861
1492	1	-0.632190067881385
1492	1	-0.632190067881385
1492	2	2.36780993211861
1492	1	-1.63219006788139
1492	1	-1.63219006788139
1492	1	-0.632190067881385
1492	1	-0.632190067881385
1492	2	-1.63219006788139
1492	3	2.36780993211861
1492	1	4.86780993211862
1492	1	-0.632190067881385
1492	1	-1.63219006788139
1492	3	-0.632190067881385
1492	1	-1.63219006788139
1492	2	3.36780993211861
1492	2	-5.63219006788139
1195	3	0.367809932118615
2709	2	-0.632190067881385
2709	1	4.86780993211862
2709	2	0.367809932118615
1195	1	4.86780993211862
2709	1	2.36780993211861
2709	1	-0.632190067881385
2709	2	-0.632190067881385
2275	2	4.86780993211862
1195	1	2.36780993211861
2189	1	0.367809932118615
2275	4	-1.63219006788139
2709	1	4.86780993211862
2275	1	-2.63219006788139
2709	1	-5.63219006788139
2709	1	3.36780993211861
2709	2	4.86780993211862
2709	3	0.367809932118615
2709	2	-2.63219006788139
2709	3	4.86780993211862
2275	3	2.36780993211861
1195	1	0.367809932118615
2275	3	4.86780993211862
2275	1	-1.63219006788139
2275	1	-0.632190067881385
1195	2	-2.63219006788139
1195	1	-0.632190067881385
1195	1	2.36780993211861
2709	1	-0.632190067881385
2709	1	2.36780993211861
1195	2	-0.632190067881385
2275	2	0.367809932118615
811	1	-0.632190067881385
811	2	-2.63219006788139
811	1	2.36780993211861
811	1	-1.63219006788139
811	1	-0.632190067881385
811	1	-0.632190067881385
811	1	-0.632190067881385
811	2	2.36780993211861
2341	3	-0.632190067881385
1684	1	2.36780993211861
2172	2	-0.632190067881385
2172	1	-0.632190067881385
1684	1	-0.632190067881385
19	1	2.36780993211861
2959	3	2.36780993211861
2341	3	2.36780993211861
2339	1	2.36780993211861
1293	1	2.36780993211861
1294	1	4.86780993211862
1294	2	-1.63219006788139
2339	1	-0.632190067881385
2339	2	-1.63219006788139
401	1	2.36780993211861
2339	1	-1.63219006788139
1294	1	4.86780993211862
268	1	-0.632190067881385
249	2	-0.632190067881385
1744	2	-1.63219006788139
1744	1	2.36780993211861
1744	2	-0.632190067881385
457	1	-1.63219006788139
457	2	-5.63219006788139
457	1	-5.63219006788139
1893	1	-0.632190067881385
